CONV NORM
# 15x15 convolution mask of a gaussian PSF with FWHM = 8 pixels
 0.01433  0.02516  0.04053  0.05985  0.08105  0.10066  0.11463  0.11970  0.11463  0.10066  0.08105  0.05985  0.04053  0.02516  0.01433
 0.02516  0.04419  0.07117  0.10511  0.14235  0.17678  0.20131  0.21022  0.20131  0.17678  0.14235  0.10511  0.07117  0.04419  0.02516
 0.04053  0.07117  0.11463  0.16928  0.22925  0.28470  0.32421  0.33856  0.32421  0.28470  0.22925  0.16928  0.11463  0.07117  0.04053
 0.05985  0.10511  0.16928  0.25000  0.33856  0.42045  0.47880  0.50000  0.47880  0.42045  0.33856  0.25000  0.16928  0.10511  0.05985
 0.08105  0.14235  0.22925  0.33856  0.45850  0.56939  0.64842  0.67713  0.64842  0.56939  0.45850  0.33856  0.22925  0.14235  0.08105
 0.10066  0.17678  0.28470  0.42045  0.56939  0.70711  0.80525  0.84090  0.80525  0.70711  0.56939  0.42045  0.28470  0.17678  0.10066
 0.11463  0.20131  0.32421  0.47880  0.64842  0.80525  0.91700  0.95760  0.91700  0.80525  0.64842  0.47880  0.32421  0.20131  0.11463
 0.11970  0.21022  0.33856  0.50000  0.67713  0.84090  0.95760  1.00000  0.95760  0.84090  0.67713  0.50000  0.33856  0.21022  0.11970
 0.11463  0.20131  0.32421  0.47880  0.64842  0.80525  0.91700  0.95760  0.91700  0.80525  0.64842  0.47880  0.32421  0.20131  0.11463
 0.10066  0.17678  0.28470  0.42045  0.56939  0.70711  0.80525  0.84090  0.80525  0.70711  0.56939  0.42045  0.28470  0.17678  0.10066
 0.08105  0.14235  0.22925  0.33856  0.45850  0.56939  0.64842  0.67713  0.64842  0.56939  0.45850  0.33856  0.22925  0.14235  0.08105
 0.05985  0.10511  0.16928  0.25000  0.33856  0.42045  0.47880  0.50000  0.47880  0.42045  0.33856  0.25000  0.16928  0.10511  0.05985
 0.04053  0.07117  0.11463  0.16928  0.22925  0.28470  0.32421  0.33856  0.32421  0.28470  0.22925  0.16928  0.11463  0.07117  0.04053
 0.02516  0.04419  0.07117  0.10511  0.14235  0.17678  0.20131  0.21022  0.20131  0.17678  0.14235  0.10511  0.07117  0.04419  0.02516
 0.01433  0.02516  0.04053  0.05985  0.08105  0.10066  0.11463  0.11970  0.11463  0.10066  0.08105  0.05985  0.04053  0.02516  0.01433
